Profitable
100000 91 181 395 546 732 1102
10.50 10.59 10.20 10.42 8.45 8.82 6.50 6.81 6.40 6.81 6.30 6.92
700000 91 181 395 546 732 1102
10.80 10.90 10.50 10.73 8.75 9.14 7.45 7.86 7.35 7.89 7.25 8.08
1500000 91 181 395 546 732 1102
11.00 11.10 10.70 10.94 8.95 9.36 7.60 8.02 7.50 8.07 7.40 8.26
3000 91 181 395 546 732 1102
1.35 1.35 1.75 1.76 2.00 2.02 1.70 1.72 1.60 1.62 1.50 1.53
20000 91 181 395 546 732 1102
1.75 1.75 2.50 2.51 2.75 2.79 2.45 2.49 2.35 2.40 2.25 2.33
50000 91 181 395 546 732 1102
3.45 3.46 3.90 3.93 4.10 4.19 3.80 3.90 3.65 3.78 3.55 3.74
3000 91 181 395 546 732 1102
1.25 1.25 1.85 1.86 2.05 2.07 2.05 2.08 1.85 1.88 1.65 1.69
20000 91 181 395 546 732 1102
1.55 1.55 2.15 2.16 2.35 2.38 2.35 2.39 2.15 2.20 1.95 2.01
50000 91 181 395 546 732 1102
2.10 2.10 2.80 2.82 3.50 3.56 3.50 3.59 3.20 3.30 3.00 3.14
1 0 0 0
Storage
100000 91 181 395 546 732 1102
10.25 10.34 9.95 10.16 8.20 8.54 6.25 6.53 6.15 6.53 6.05 6.62
700000 91 181 395 546 732 1102
10.55 10.64 10.25 10.47 8.50 8.87 7.20 7.58 7.10 7.61 7.00 7.77
1500000 91 181 395 546 732 1102
10.75 10.85 10.45 10.68 8.70 9.09 7.35 7.74 7.25 7.78 7.15 7.95
3000 91 181 395 546 732 1102
1.25 1.25 1.65 1.66 1.90 1.92 1.60 1.62 1.50 1.52 1.40 1.43
20000 91 181 395 546 732 1102
1.65 1.65 2.40 2.41 2.65 2.69 2.35 2.39 2.25 2.30 2.15 2.22
50000 91 181 395 546 732 1102
3.35 3.36 3.80 3.83 4.00 4.08 3.70 3.80 3.55 3.67 3.45 3.63
3000 91 181 395 546 732 1102
1.20 1.20 1.75 1.76 1.95 1.97 1.95 1.98 1.70 1.73 1.45 1.48
20000 91 181 395 546 732 1102
1.50 1.50 2.05 2.06 2.25 2.28 2.25 2.29 2.00 2.04 1.75 1.80
50000 91 181 395 546 732 1102
2.05 2.05 2.70 2.72 2.90 2.94 2.90 2.96 2.70 2.77 2.60 2.70
1 1 0 1
Comfort
100000 181 395 546 732 1102 1102
8.65 8.81 6.90 7.14 4.95 5.13 4.85 5.08 4.75 5.10 4.75 5.10
700000 181 395 546 732 1102 1102
8.95 9.12 7.20 7.46 5.90 6.15 5.80 6.14 5.70 6.20 5.70 6.20
1500000 181 395 546 732 1102 1102
9.15 9.32 7.40 7.68 6.05 6.32 5.95 6.30 5.85 6.38 5.85 6.38
3000 181 395 546 732 1102 1102
1.55 1.55 1.80 1.82 1.50 1.52 1.40 1.42 1.30 1.33 1.30 1.33
20000 181 395 546 732 1102 1102
2.30 2.31 2.55 2.58 2.25 2.29 2.15 2.20 2.05 2.11 2.05 2.11
50000 181 395 546 732 1102 1102
3.70 3.73 3.90 3.98 3.60 3.69 3.45 3.57 3.35 3.52 3.35 3.52
3000 181 395 546 732 1102 1102
1.65 1.66 1.85 1.87 1.85 1.87 1.55 1.57 1.25 1.27 1.25 1.27
20000 181 395 546 732 1102 1102
1.95 1.96 2.15 2.17 2.15 2.18 1.85 1.88 1.55 1.59 1.55 1.59
50000 181 395 546 732 1102 1102
2.50 2.51 2.70 2.74 2.70 2.75 2.40 2.46 2.20 2.27 2.20 2.27
1 1 1 1